>> era_demo

numInputs =

     2


numOutputs =

     2


ans =

   100   100


ans =

   100     2


ans =

     2   100


ans =

     2     2


mco =

    25


Wc =

   23.4382    0.0581    0.1701   -0.3621   -0.1142   -0.7776    0.1452   -0.3290   -0.0209   -0.0939
    0.0581   22.6155   -0.0970    0.3913    0.3523    1.4060   -0.0369    0.3150    0.0966    0.2521
    0.1701   -0.0970   22.2206    0.3889   -0.2523    0.2606   -0.4047   -0.0431    0.3229    0.0615
   -0.3621    0.3913    0.3889   20.5246    0.2161    4.7734   -0.6923    1.0061    0.9361    0.4834
   -0.1142    0.3523   -0.2523    0.2161   18.2777    3.9077    0.9483    1.7272   -0.2536    0.4411
   -0.7776    1.4060    0.2606    4.7734    3.9077   24.9350    0.3439    5.4713    1.7659    1.6285
    0.1452   -0.0369   -0.4047   -0.6923    0.9483    0.3439    8.6542    0.5471   -0.5555    0.1232
   -0.3290    0.3150   -0.0431    1.0061    1.7272    5.4713    0.5471    9.0704    0.4467    0.7658
   -0.0209    0.0966    0.3229    0.9361   -0.2536    1.7659   -0.5555    0.4467    3.2148    0.4016
   -0.0939    0.2521    0.0615    0.4834    0.4411    1.6285    0.1232    0.7658    0.4016    2.8075


Wo =

   23.5580    0.0246   -0.1130   -0.1296    0.3399    1.6774    0.3356    0.0187   -0.3140   -0.7455
    0.0246   22.6797    0.0048   -0.0415   -0.2923   -2.4573    0.2471    0.0229    0.2675    1.0240
   -0.1130    0.0048   22.2531    0.2916   -0.6623   -1.0809   -0.1950   -0.1328    0.4292    0.4668
   -0.1296   -0.0415    0.2916   19.3685   -0.8463    0.2779   -0.6935   -0.6233    0.4297    0.0807
    0.3399   -0.2923   -0.6623   -0.8463   17.3878    1.2151    0.7250    0.3117   -0.8338   -0.5896
    1.6774   -2.4573   -1.0809    0.2779    1.2151   26.2010   -1.3454   -0.5203   -2.1418   -7.9455
    0.3356    0.2471   -0.1950   -0.6935    0.7250   -1.3454    8.5799    0.4356   -0.2617    0.5564
    0.0187    0.0229   -0.1328   -0.6233    0.3117   -0.5203    0.4356    7.2526   -0.0811    0.2040
   -0.3140    0.2675    0.4292    0.4297   -0.8338   -2.1418   -0.2617   -0.0811    3.5818    1.0015
   -0.7455    1.0240    0.4668    0.0807   -0.5896   -7.9455    0.5564    0.2040    1.0015    5.5241

>> 